Total Elapsed Time(s)	Eigenvalues
0.15576481819152832
17.790892601013184	0.003285658545792103
35.543278217315674	0.001133294500436411	151.92410365799066
53.37346935272217	0.0005677056346157441	38.026351271904815	166.53351084604546
71.21690464019775	0.00022709392879348477	18.68995754687619	87.2462960040819	167.88592732811202
89.09598326683044	-8.073216420069617e-05	9.177544031678396	41.124883189026825	99.30679637021908	168.0003134540826
107.0090742111206	-0.00034372056822398056	5.4264755049462465	31.292695157048836	72.92110106336594	103.16533780344838	168.0070561051874
124.93357944488525	-0.0008549628522219183	2.534895898494154	20.369449786054695	43.20586902684991	88.74082770487206	106.5824684964384	168.00774442426498
142.90234637260437	-0.0018815203831232942	1.056506614235032	13.082078452575757	29.34791091862408	47.689421709302444	89.82612333569716	106.92290245031919	168.00775780156889
160.9007806777954	-0.004225661328620201	0.4176449346493635	9.465984482220026	22.969485705997556	36.96506373281913	49.63239842103601	89.87734078004885	106.93331567183931	168.00775792268502
178.90196633338928	-0.03029179100485983	0.05029139412065299	6.503353124409273	15.943847088179442	27.72245472328354	41.370237720963125	50.64029753508193	89.87990202781687	106.93363011047462	168.00775792382967
196.89890313148499	-0.12374276015508512	0.011404471676573638	5.486600624029668	14.302683674759306	26.37132668405723	39.647202153545315	49.98745387403133	62.3232496341082	89.88018227686689	106.93364715854408	168.0077579238451
214.92685651779175	-0.3066313738214402	0.003936356081336079	4.118244781947482	12.23026282186635	23.35362969599146	32.57111230381212	43.38887375550105	51.01606585529254	89.87998044176346	106.93363470591758	164.31148621556707	168.0077579239441
232.95757913589478	-0.5195839031325236	0.0016892663345634182	2.713120864246255	9.250594353969335	16.059041031378264	25.821888311129285	35.82225586620499	44.60937802972004	51.20028635949999	89.87999305573805	106.93363568421326	167.98299061117598	168.00775793837093
251.00492548942566	-0.763742810751879	0.00035137703230199267	1.5274175756149075	6.728514021900607	13.448740004218733	23.108909500634656	29.16023185298748	37.60906619093727	45.0718223109416	51.24431577931713	89.8799934392349	106.93363570265115	168.00760655023328	168.00776029945783
269.24622893333435	-0.935425676734833	-0.000489261132063569	0.9661480322465218	5.444998583934414	11.173223513246933	15.814574337446185	24.46052046069377	30.928389099257945	38.17688112823182	45.15618458246394	51.24906420406202	89.87999344580408	106.9336357028529	168.00769532096717	168.00776366805425
287.3274972438812	-0.9999010502271461	-0.0008628740546892507	0.7905116400908344	4.9442876796480135	10.07070676307129	14.904253008561938	24.147244711688078	30.457928462810745	38.013877277609424	45.130728286743114	51.24738414615674	64.94958199252183	89.87999344640939	106.93363570286199	168.0076962509376	168.0077637546713
305.4091286659241	-1.1560801751941248	-0.0023183425424250664	0.4119174992727535	3.6740866410847266	7.958608181569727	13.61930801349069	20.756381144084433	25.304723920054194	31.453015683470714	38.25380575180674	45.160637004932404	51.249155781741734	89.87999344534416	104.75457652651451	106.93363570294996	168.00769643783215	168.00776377239475
323.5165717601776	-1.2990384093508465	-0.007418470313452854	0.1356208551141988	2.831553398043506	7.028355514358508	12.750479695338186	17.3066181497002	24.484596089150493	30.70362419999863	37.90077753346252	41.537390095276066	45.18590225567543	51.24952209764487	89.87999344547666	106.93363524960264	106.9340571806815	168.00769644299558	168.00776377288585
341.6024889945984	-1.3227022484669255	-0.010264240161347506	0.09764759908011997	2.722048314001757	6.912339818619409	12.583026919263574	16.889824450599107	24.387981993016105	30.502436506238013	37.28303575259121	39.310757536210616	45.17359252407018	51.24941193125533	89.87999344544549	105.16493362694037	106.93363570293512	111.99663105218981	168.00769644320593	168.007763772906
359.7159993648529	-1.3764547196122778	-0.035078170036217174	0.027818553374803573	2.438452688224243	6.483371428174658	11.142449539246513	14.416616714095722	20.10351968312867	24.786419734376334	30.94728034906662	38.06492943054254	43.71296251285238	45.218853101840054	51.24959237870742	89.87999344547491	106.8768326665392	106.93363570622085	164.9005306586751	168.0076964454592	168.00776377312025
377.7925069332123	-1.4091166407587838	-0.08007836322859596	0.011779398996975233	2.2220433314281998	5.920518745441238	9.125414830052646	13.440243560654427	18.479665531966386	24.607742303529353	30.817175677922563	37.97807529011825	42.12128750053984	45.18852903324794	51.249514471500916	79.15038745753519	89.87999344548142	106.91601641673368	106.9336357136737	167.81904139052503	168.00769648029285	168.00776377643504
395.89200472831726	-1.4751916901888702	-0.22761052040311022	0.003402664970257927	1.4759008930276412	3.7840416178915808	7.18571732431182	12.457010714850766	15.757366648459122	20.789972921374183	24.77207336734238	30.902871506715968	38.02997508790255	42.89150034291721	45.19771638003491	51.2495472722317	89.78049360619512	89.87999344608711	106.93346785850368	106.9336368356534	168.0072047365638	168.00771031410193	168.00776526719739
413.9810242652893	-1.52093326074295	-0.3780423877670116	0.0011683463111930765	0.8794713221849294	3.0834509680692337	6.772305997993165	10.61938850842708	13.429956607680147	17.437231818791236	22.50383798133623	24.89987125927829	30.917813519423074	38.03339021658912	42.93103937880398	45.1982510269292	51.24954828006572	89.87904426726263	89.87999350938995	106.933625266524	106.93365392070359	168.00761170172058	168.00775375660473	168.00779309083393
432.06621766090393	-1.5577443794378203	-0.5404609367875569	-0.0004394878573684589	0.5015022179593268	2.6874131421605996	5.821742501650993	7.777050263662215	12.524078978218895	15.443128333659407	19.399131440228054	24.009184356415535	25.20980104633342	30.922434924008062	38.03380583922886	42.93420733134904	45.19828795199301	51.24954832688311	89.8799928805393	89.88010082495578	106.93362570913605	106.93365472754924	168.0076123185307	168.00775388274047	168.00779358566578
450.1805839538574	-1.5777604415813644	-0.6513209002487269	-0.001752334277886619	0.3180583163216472	2.335534647833212	4.243867957661263	6.951771400948688	9.975174620544587	12.878059195594991	16.04001516264565	19.962523182409242	24.278008520546422	25.39948117827598	30.922997403329322	38.03382767267513	42.93431976432152	45.19828907596834	51.24954832787793	89.87999290798459	89.88010630788844	106.93362571064422	106.93365473042076	168.00761231932785	168.00775388290273	168.00779358631175
468.28294944763184	-1.5863610199610543	-0.7055673844119411	-0.002720723083215464	0.23888485505178475	2.092061021576489	3.7101553100888736	6.765744771016887	9.290711853068848	12.779224417139853	15.914031188929682	19.86234787243461	24.2420573571281	25.36661123382712	30.922931653836255	38.033825696012244	42.934310722431555	45.19828898957935	51.24954832780873	89.87999290648405	89.88010599369159	106.93362571054921	106.93365473023972	158.88031192887095	168.00761231950528	168.0077538829388	168.00779358645562
486.4407329559326	-1.5992127270317902	-0.7974147255870138	-0.006498563620462571	0.11200998839017451	1.6011078567834265	3.177327102893515	6.373359355143877	8.116077078363686	11.91205547080958	13.214877540569498	16.10858065710815	19.951236296380316	24.264592074351285	25.385408933148916	30.92296083066021	38.033826395189266	42.934313569425264	45.19828901556514	51.24954832782752	89.87999290680533	89.8801060608128	106.93362571057065	106.9336547302806	167.92700082246776	168.00761233827478	168.0077538867523	168.00779360163833
504.7564549446106	-1.606268429688622	-0.8538319289102084	-0.01682307604356885	0.04339949766936967	1.3212884174255692	2.987209181800591	5.936723563130358	7.495934742136871	10.69361403457632	12.913731953421955	16.018853078451496	19.92028362723919	24.258046577871816	25.379977182290215	30.922952977767398	38.033826184982	42.93431248240176	45.198289003605225	51.24954832779657	53.16038670024929	89.87999290681934	89.88010606374975	106.93362571057123	106.93365473028166	168.00091650314727	168.0076125467939	168.00775392817465	168.00779376647674
523.0587055683136	-1.6116525519828486	-0.8992570899754289	-0.050003194498645744	0.01414482695552862	1.133035551895104	2.872021279120169	5.514743031739929	7.217469998481637	10.172721332878536	12.854530265462914	15.976656567954509	19.892233505574133	24.244475193445876	25.365395536278445	29.330974881108194	30.923016146330266	38.03382656095589	42.93431389921247	45.1982890178189	51.249548327828265	87.48408242247721	89.8799929069028	89.88010608118675	106.93362571057139	106.9336547302821	168.00679994554807	168.00761417895623	168.0077542023987	168.00779485305
541.3743464946747	-1.624268077701166	-1.010679368873263	-0.1864964129670658	0.0029845662620313473	0.7902403662842332	2.6265744314502997	4.491016078775804	6.842843835335518	9.174384414441269	12.642290777631874	14.374523915650633	16.190896535982255	19.949429078500376	24.262420551188328	25.383372752432198	30.922956854530543	38.03382626895116	42.93431285962687	45.19828900739162	51.24954832778859	52.18050158995178	89.87999290680804	89.88010606137944	104.05658391957675	106.93362571057284	106.93365473028481	168.0075392843538	168.00763235253868	168.00775535689135	168.00779925981206
559.7080218791962	-1.627425197368761	-1.037959614398087	-0.21919621574591652	0.0022896994788276924	0.7303126099736513	2.5717868028364386	4.30868412501504	6.785804894282822	8.98838144193471	12.518693490588289	13.768119832654941	16.12206629391073	19.941737909328683	24.261371145303166	25.382546960842276	30.922955718942514	38.033826223944516	42.93431238310448	45.1982889972772	47.98355799173778	51.249548327836635	70.75203498518675	89.87999290681101	89.88010606199704	105.57865346042479	106.93362571057442	106.93365473028781	168.0075509576639	168.0076360886966	168.0077554759194	168.00779969284125
578.029717206955	-1.6431099298527876	-1.1701603749276792	-0.3809123611799387	0.0001145717119982764	0.46084102928336396	2.045401403376199	3.2217949473448253	5.640117328224785	7.111406679821015	9.613389853042088	12.73384595362829	15.086476152472635	16.322229354742692	19.953898319868976	24.262638090633942	25.3834973554124	30.922956822103764	38.03382626328608	42.93431279741946	45.198289006325886	51.18124023054214	51.24954832833762	89.78713794297529	89.87999290724532	89.88010615277088	106.92451094202242	106.93362571098083	106.93365473105915	168.00755224638914	168.00763658897384	168.00775549102153	168.00779974745217
596.3655445575714	-1.6465920663335702	-1.1966372812308956	-0.41276943605361927	-0.0002426566164304145	0.4133531597130751	1.9064621444300371	3.1060899927184797	5.445414872212299	7.049275231036383	9.530601360019746	12.719097378324854	14.928871210390495	16.275571634070197	19.951996810677386	24.262416669498162	25.3833109276339	30.473317838059796	30.92295852272568	38.03382626560143	42.93431280708947	45.19828900644896	51.23240132163566	51.24954832985417	89.87999290505154	89.8801056935591	89.9030546927127	106.93362570923205	106.93365472770515	106.93640749439507	168.0075522486728	168.00763658987916	168.00775549104873	168.00779974755045
614.6989302635193	-1.6507011177519961	-1.226592628839925	-0.4497924616633561	-0.0006840577916164505	0.3580891760178304	1.7335569065383796	2.990603692019305	5.202414551237972	6.974711768466861	9.37021300777988	12.63032376562395	13.812427745104122	15.952014156381802	17.103213956671826	19.958193157453557	24.26277429323103	25.383580133886834	30.922956864156507	38.03382626393848	42.93431280108659	45.198289006376726	51.20561228273628	51.2495483286199	89.85277124465907	89.87999290829106	89.88010637099278	106.9303146414979	106.93362571169725	106.93365473240753	145.61069814986254	168.00755224988725	168.00763659036065	168.0077554910632	168.00779974760272
632.9961557388306	-1.666032280272576	-1.3228182151651044	-0.5767776746331175	-0.00311015108538579	0.17125238396264394	1.2002346154564056	2.703030634343139	4.308799428323268	6.510479516035108	7.611892969350423	9.837631447680627	12.75015744196217	15.194988791652149	16.354496546496456	19.954411868035947	24.262654558499484	25.38350593864499	30.922956817728146	38.03382626250229	42.93431274840274	43.77334588269383	45.1982890067999	51.24436399661543	51.249548334499266	89.8799409213055	89.87999344142139	89.88015747483283	106.9336085767531	106.9336259269213	106.93365488519203	167.95329823136262	168.0075526714427	168.0076367583923	168.00775549608804	168.0077997657417
651.2887184619904	-1.6782579685853523	-1.3816643026905373	-0.6631489150088805	-0.010773714098090534	0.05423148457713873	0.934499473132263	2.4973136965978693	3.634785033518033	5.636930047503529	7.004497419438179	8.92639084437246	10.278480948089847	12.759684925296751	15.234536670849316	16.366647020418704	19.95456973125548	24.26266162377998	25.383510554330933	30.92295682146611	38.033826262709844	42.934312775268744	44.615865544898	45.198289007393946	51.24864526448302	51.24954836607356	89.87999265289365	89.8800564965216	89.8802761658468	106.93362287797747	106.9336270157215	106.93365496356218	168.007205300764	168.00759560629277	168.00767896157262	168.00775641399488	168.0078025258886
669.5922949314117	-1.6879974129365043	-1.4194041561425443	-0.7262446073081337	-0.05678313703263304	0.009787485611649166	0.7694442251928936	2.2507531925549342	3.2010471893687997	5.087916250310355	6.826251730886533	8.269786747181923	10.004629298052608	12.755458543473452	15.220174073651926	16.36235263329476	19.95451880364335	24.26265919199027	25.383508887790818	30.92295681910632	35.29220371143089	38.03382626286062	42.93431277851683	44.79308116843479	45.1982890078016	51.249168868717156	51.249548418827054	89.87999265917851	89.88005739404117	89.88027931241523	106.93362299167957	106.93362707024163	106.93365496485934	168.00734740818942	168.0076065562173	168.0077199129685	168.00775817572986	168.007805832045
687.9103753566742	-1.697297163767151	-1.4494271478938732	-0.7834319725406858	-0.1317662851158807	0.003626937716092587	0.6363523110998852	1.9637450399212708	2.9652081671675354	4.729177163268123	6.655886856888398	7.750056636730148	9.788581911785336	11.893947711651178	12.768327548236398	15.236351339391188	16.366379572212065	19.95455388377025	24.262660674596244	25.383509899700123	30.92295682074546	38.033826262608365	41.16659675817068	42.93431278560663	45.014494541175175	45.19828900923753	51.24938172250183	51.24954853506198	89.8799926594372	89.88005743141464	89.88027944595437	106.93362299458036	106.93362707169216	106.93365496489302	168.00734839852294	168.00760664334865	168.007720385221	168.00775821689308	168.00780589053116
706.2211391925812	-1.7018748881987174	-1.4625253853712503	-0.8116735914795538	-0.1710741702000274	0.002433409628156324	0.5724500325870385	1.80530759564067	2.8747707078439384	4.517472844934868	6.438023309851	7.354595003153644	9.324861907239287	10.40941935521212	12.75859563115446	15.228353531402394	16.364599690308296	19.954541830307168	24.262660234758183	25.38350960585006	30.922956820299696	36.367131941423516	38.0338262628203	42.93431277375627	44.28557764003908	45.19828900671536	46.07175566034404	51.24949003032936	51.24954892002143	89.87999265944558	89.88005743263517	89.8802794503188	106.93362299463689	106.93362707172045	106.93365496489369	168.00734840447402	168.0076066438726	168.00772038806878	168.00775821714456	168.00780589088632
724.5503358840942	-1.705429085370231	-1.4720708594778513	-0.8340936355458515	-0.202979955875469	0.0017395909591327724	0.5215920427521125	1.6755766263669871	2.8074874697948395	4.31394434305401	6.122194279841603	7.10722989011864	8.876972788322712	10.159991289770076	12.757128049916764	15.224765992197598	16.36357894060725	19.954527814893247	24.262658432813897	25.383507002950296	26.40116274492501	30.9229568212791	38.03382626264943	42.15284738841447	42.93431279476412	45.11190747356953	45.198289012032625	51.249413999910196	51.24954858485219	89.87999265944097	89.88005743196526	89.88027944792343	106.93362299458987	106.93362707169698	106.93365496489325	125.64450089266779	168.00734840572986	168.00760664398334	168.00772038866975	168.00775821719762	168.00780589096138
743.0023174285889	-1.70836217651096	-1.4795931755754672	-0.8531606593788627	-0.23062850146827102	0.0012439502720281556	0.4779123512098424	1.5646682374295302	2.7501957220729096	4.116089660083175	5.819859062889074	6.98746865148191	8.618432558768117	10.077397013724054	12.756143509704488	15.220618161376924	16.362051221171427	19.95439847387379	20.67353285455975	24.262661537116823	25.383510299101633	30.922956820883513	38.033826262622156	41.390480961184466	42.93431278646648	45.02275646334823	45.19828900934759	51.249372653901375	51.24954852436477	63.09902244096714	89.8799926594455	89.8800574326104	89.88027945022985	106.93362299462999	106.93362707171704	106.93365496489368	158.10776407344252	168.00734840836867	168.0076066442156	168.00772038993253	168.00775821730892	168.00780589111886
761.4752836227417	-1.7157370332275568	-1.4973686132837043	-0.9049898026389813	-0.3083864773953307	7.096574179980231e-05	0.35647251789945084	1.2764778624672577	2.5750178865196234	3.5665969142555403	5.22118013183427	6.819562261172207	8.14303518535765	9.923702312726013	12.708488725015938	12.910225357121364	15.235726142111238	16.365910490983747	19.954547224906033	24.262660332363176	25.383509652452293	30.922956820014324	33.30560768405194	38.03382626268034	42.66791888759676	42.93431282282853	45.17232755117881	45.198289024032796	51.24942229872809	51.249548601775025	89.87999265943677	89.88005743134613	89.88027944570912	98.07292039771428	106.933622994669	106.93362707173658	106.93365496489405	167.65184731537508	168.00734848245588	168.00760665073562	168.0077204253579	168.00775822043903	168.0078058955403
779.9361045360565	-1.7181102938401887	-1.5027609036037133	-0.9226725606604134	-0.33491944750417685	-0.0003126277859310984	0.317100735350737	1.196213826333582	2.5151631497722353	3.4384959520254856	5.113207668223524	6.784685867151046	8.03122896997519	9.87229873797651	12.00994251420237	12.765783203530088	15.231986439673399	16.365268547768448	19.95454389984766	24.26266017760961	25.383509531065958	30.922956815174526	31.252922379988266	38.03382626266151	42.309108525299344	42.93431279809237	45.12092752598917	45.19828901261906	51.2494100934705	51.24954857758921	62.47148861017095	89.8799926594397	89.8800574317786	89.88027944725589	101.59015390127684	106.93362299469152	106.93362707174785	106.9336549648943	167.96133563093667	168.0073489947703	168.00760669559662	168.00772066886702	168.00775824209876	168.00780592600972
798.4129137992859	-1.7228073144064182	-1.5131490545759079	-0.9607274079126775	-0.3926301250261773	-0.0012565961207287421	0.23380413854131557	1.0402844138202918	2.363460524952797	3.201230800866168	4.873634732215921	6.646832230705711	7.587990735312941	9.32483801658758	10.279142642500451	12.756796557165499	15.218100735825855	16.357072741134886	17.00363325780424	19.95455713033935	24.262660481538944	25.383509744235074	30.922956820266037	34.01289124599321	38.03382626268536	42.697567327520304	42.93431282777751	45.17416397988338	45.19828902531966	51.249421865430016	51.24954860083644	88.5772988524609	89.87999265946316	89.88005743515579	89.88027945933118	106.38741320724213	106.9336229950235	106.93362707191405	106.93365496489817	168.0063739961825	168.00737510767866	168.0076085975813	168.00773045499264	168.00775940277236	168.00780729891176
816.8562371730804	-1.7299666527591948	-1.5284760251747445	-1.0276353239079712	-0.49162464000093875	-0.004422095353869274	0.10341328996116116	0.82775086808597	2.046292446606135	2.9218807123130666	4.358830089449112	5.824773227012136	6.934793966823305	8.374927822952571	9.980642970878144	12.747784605707329	13.46827040066171	15.237685659639865	16.366056189057183	19.954546522889142	24.26266024719822	25.38350957379852	30.312812795721896	30.9229568226341	37.47499344369207	38.03382626281615	42.903753800234334	42.934313131391775	45.19592932695638	45.19828919441647	51.24942337998574	51.249548604145396	89.86800148002177	89.8799926618953	89.88005778616868	89.88028070060379	106.92995625445025	106.93362304759339	106.9336270987288	106.93365496551044	168.00716140381695	168.00747444519783	168.00761429424546	168.00774817957654	168.00776785405398	168.0078125788124
835.3319458961487	-1.7375576215314295	-1.5446088486024026	-1.1121017586142288	-0.6051569596758787	-0.050276098527191074	0.00927717041288569	0.6238719663150165	1.6079342807735129	2.6539303053649874	3.5623145348256653	5.017038789933176	6.622628280136313	7.370176578629893	8.736827210183437	10.040066396430362	12.752303270722418	13.99224760946871	15.241944508483268	16.36644103770528	19.954547403834574	24.262660281621795	25.383509602652012	30.921373932660423	30.922957637566505	38.03382624786966	38.03901980234451	42.93429615232637	42.93494937472905	45.19828632146712	45.1984536196728	51.24942346577181	51.24954860433523	89.87999238855394	89.88002587435716	89.88014981637345	89.88038305662317	106.93361112525727	106.93362580718608	106.93364670917899	106.9336551570197	168.00716253060023	168.00747511898655	168.007614342309	168.0077482487976	168.00776795618913	168.00781263202066
853.765830039978	-1.7386381064040974	-1.5469260344519418	-1.1249402615559072	-0.6208392595747013	-0.06642307976701266	0.006848694108855603	0.597356821469361	1.5498859739196535	2.6181485524987784	3.484496801612895	4.958742188120731	6.567959253138055	7.285291060278485	8.680160160353509	10.032332533423512	12.752065973746895	13.952144620083606	15.24154250154758	16.366411674199888	19.954547353422026	24.26266027994692	25.383509601295355	30.88927139821034	30.92295685889571	37.991265553093754	38.03382626447993	42.92967224157477	42.934315064399655	45.19763198336366	45.19828967968295	47.27029942578373	51.24942347773857	51.249548604361706	89.87999250463129	89.88003649559685	89.88018171233585	89.88042293450106	106.93361518505274	106.93362596343518	106.93365438252876	106.93365798263214	168.0071625319804	168.00747511981612	168.0076143423684	168.00774824888265	168.00776795631555	168.0078126320865
872.2344405651093	-1.7402356816030595	-1.5503928426589495	-1.1444886692123615	-0.6442930984351641	-0.09236313942209617	0.0046628201390546695	0.556484433073302	1.4605919145595159	2.558744233803988	3.37055554852992	4.864198060025591	6.449059624437189	7.1587830436811375	8.58631832415142	10.017015595113898	12.751117760814745	13.777166841201876	15.239368746814574	16.36614093226003	18.39525113648443	19.954548028192818	24.262660286314567	25.38350960568543	30.922956775392855	30.951504438434842	38.033826259097616	38.05527006447849	42.934304643079074	42.93561316157077	45.19828689636958	45.19849845530866	51.24942346678546	51.249548604337434	89.87999244017485	89.8800300359934	89.88016041505227	89.88039418515581	106.93361232628556	106.933625847347	106.93364894365291	106.93365523611061	153.5207307982531	168.00716253398338	168.0074751210201	168.00761434245476	168.00774824900583	168.00776795649875	168.00781263218215
890.7079401016235	-1.7454192267722095	-1.5620971938376813	-1.2115543906195931	-0.721731192293724	-0.1870929834490142	0.0014338766644110801	0.40813672974286225	1.1604622085236584	2.292490567536633	3.0318670891092805	4.379565543258821	5.605072891556971	6.8329283559715694	7.919558542741557	9.131890491954708	10.08122353425289	12.75274824494841	14.0538938375876	15.242468424374987	16.36647098428295	19.954547430477344	24.26266028199112	25.383509602875176	30.92040486387737	30.922957326873927	38.03146503217112	38.033826295219136	42.9339928385814	42.93434587436331	45.19828179192115	45.198350277397815	50.19417721824268	51.24942348285277	51.249548604373025	89.87999246722362	89.88003256273264	89.88016796110377	89.8804032165381	106.933613479386	106.93362589001813	106.93365147375084	106.9336554463739	167.95919012528722	168.00716308068067	168.00747544829918	168.00761436585083	168.00774828225127	168.00776800612434	168.0078126580323
909.1467764377594	-1.7497754044748697	-1.5725787204402013	-1.2679228633480446	-0.7834479532008473	-0.26916488121212456	-4.2630456145203854e-05	0.285382467232971	0.9637752279821372	2.0452941190311207	2.8473791163667572	3.9134766587614336	5.157682483739866	6.650651665810535	7.358226725028045	8.652570218942806	10.013067218428446	11.72994433083706	12.753848156579883	14.130588315158501	15.242973146677487	16.36649272150827	19.95454744406859	24.26266028220947	25.38350960302844	30.922569303795747	30.922960154649925	38.03374966682002	38.03382726588941	42.934171742892346	42.93438784889842	45.19828395424334	45.19837649827297	51.218692302663825	51.24942400911228	51.249548605538656	89.87999246757433	89.88003259719034	89.88016807055743	89.88040335561132	106.93361348811183	106.9336258903595	106.93365149397299	106.9336554492867	168.00697355181907	168.0072805097225	168.00752295350551	168.00761776370973	168.00775074927859	168.00777294648773	168.00781517099944
927.6018726825714	-1.752289790152764	-1.578977188192887	-1.299088319661369	-0.8174126116606095	-0.3167601444051297	-0.0009023300760288948	0.21880245110722257	0.8704214216733418	1.8962065260926984	2.7513085538972075	3.656123115198184	4.961703252967337	6.417844953168923	7.078701086080387	8.395280229563838	9.809759841286267	10.279345515633821	12.752987441811463	14.077926279238111	15.24263608839216	16.366478387482644	19.954547432111998	24.041130445977288	24.262660284861255	25.38350960331678	30.922951211049295	30.9231871162609	38.033825791759796	38.03398943396516	42.934180693496444	42.93439293533289	45.19828403143635	45.198377855650065	51.24942204593811	51.24954860119305	51.26111610867039	89.87999246757771	89.88003259751741	89.880168071597	89.88040335693347	106.93361348816596	106.93362589036154	106.93365149409868	106.93365544930485	168.00702442374595	168.00731595443133	168.00753899137993	168.00761931005226	168.00775121485225	168.00777425481033	168.00781585152276
946.0639762878418	-1.7544506846238328	-1.5846985889827683	-1.3244406602148167	-0.8454865563220416	-0.357053970249697	-0.0018118278779832536	0.16573947719799442	0.7994576682123736	1.7675443921795413	2.6674494346895328	3.46288178213805	4.8012630085324	6.119755281652923	6.940080517930012	8.158874644907396	9.356201656860696	10.102334083334961	12.75273741602875	14.043446827092913	15.242264796019866	16.366446107072267	17.988439342392724	19.954547462347772	24.26266028228057	25.383509603068358	30.92281297856513	30.92296580241705	38.03382480035679	38.033878810105456	42.93417686082036	42.93439067530186	45.198283998832196	45.198377277227976	51.24299024364063	51.24942605235188	51.24954861007208	82.12907052192118	89.87999246758042	89.8800325977909	89.88016807246649	89.88040335803926	106.93361348817754	106.93362589036202	106.93365149412556	106.93365544930884	168.00702602207858	168.00731738611898	168.007539738522	168.00761939417308	168.00775123543767	168.00777431628038	168.00781588395645
964.5046300888062	-1.757480373867705	-1.593095744505996	-1.357406780184742	-0.8837727361027022	-0.413319362467665	-0.004004523025185888	0.0961857317977194	0.7054135540260648	1.577442689304835	2.528910087472896	3.2213289893114645	4.524306762843966	5.639758801586129	6.807713824136749	7.7392553560100446	8.870838605903435	10.04153436834719	12.292250987907313	12.754487669252303	14.124191219294838	15.242874240358852	16.36648722799462	19.954547437575325	23.92868246138122	24.262660283293176	25.383509603196494	30.92293153564534	30.923007914589196	38.03382545440796	38.033921330940174	42.9341782757633	42.93439149465902	45.1982840106731	45.19837748642112	51.249322905008896	51.249548104830666	51.24958946990771	89.87999246753036	89.88003259286842	89.88016805681391	89.88040333812444	90.29080509671887	106.93361348818186	106.93362589036212	106.93365149413545	106.93365544931018	168.00702609946592	168.00731745603983	168.00753977525716	168.00761939834422	168.00775123644843	168.00777431930638	168.0078158855543
982.9578592777252	-1.7582190942708265	-1.5952071708039475	-1.3649203070556752	-0.8929153603728102	-0.42687672609781013	-0.004942043795728197	0.08037868400307056	0.6831374416248845	1.5308085074031652	2.491402218323671	3.170809335991145	4.448032278614697	5.5391972986902385	6.777897572003582	7.634825115508536	8.78714407505103	10.027961995184981	11.687328198211652	12.753486540583435	14.103708915933293	15.242776720034746	16.36648365928608	19.95454743395104	22.946965665601752	24.262660282510836	25.3835096031373	30.92291803963161	30.92299013392448	38.03382540372018	38.033915720966185	42.93417811725332	42.93439140201408	45.198284009414465	45.19837746413783	51.24883765032817	51.24945183555242	51.24954867130658	88.19334400906446	89.87999246758761	89.88003259849343	89.88016807469974	89.88040336087873	100.79331053574155	106.93361348818375	106.93362589036222	106.93365149414015	106.93365544931088	168.0070261011149	168.00731745753018	168.0075397760406	168.00761939843343	168.00775123647006	168.00777431937092	168.00781588558843
1001.4602539539337	-1.7599133352817242	-1.6001669351969015	-1.3815472846174965	-0.9142704169025424	-0.4591024869516981	-0.009232520511710078	0.044836110399814506	0.6280977885928186	1.4134096060884402	2.3869177783372715	3.0516781007913263	4.226962767079189	5.300804533325529	6.672088448331382	7.339022936001188	8.56035549544547	9.933758176077431	10.470737495971221	12.752959860093139	14.069432918434389	15.242519584147415	16.366468041330428	18.752780082756132	19.954547464124655	24.262660282238414	25.383509603034728	28.704111401822907	30.922951367039953	30.92319367586222	38.033825522113716	38.033930022261316	42.93417842017139	42.93439157925031	45.19828401159891	45.19837750281915	51.249379210517816	51.24954849592802	51.24979947213649	89.87999246752163	89.88003259200923	89.88016805408105	89.88040333464541	90.22556781612832	106.9336134881817	106.93362589036217	106.93365149413519	106.93365544931014	154.5785432170397	168.00702610472314	168.00731746079185	168.00753977775466	168.00761939862798	168.00775123651724	168.00777431951215	168.007815885663
1019.9179470539093	-1.7629253970002756	-1.6093233925892307	-1.408567560841403	-0.9528198366782644	-0.5176976536189575	-0.04501454986403608	0.008937630623673181	0.5243946718106764	1.2097415095517656	2.182994793752272	2.8835017760741675	3.853196523500275	5.0123475808968125	6.367588920866555	7.016957511020778	8.236458514052323	9.389874525227114	10.099663474933081	12.752579534701924	13.979166246250399	15.053113817057836	15.246443050436493	16.366508489185126	19.954547442684454	24.26266028195053	25.25336660124558	25.383509604441542	30.922938483557974	30.92302727319009	38.033825468643585	38.033923035295345	42.93417829645044	42.93439150676569	45.198284010764255	45.19837748803523	51.24931234906785	51.249547837143744	51.249574022226476	89.8311158663577	89.87999246796659	89.88003263576549	89.88016819297107	89.88040351070708	105.2966391901048	106.93361348818428	106.93362589036225	106.93365149414124	106.933655449311	167.7293017955384	168.00702625734564	168.00731759871155	168.00753985022618	168.00761940686436	168.00775123850872	168.0077743254773	168.0078158888125
1038.3595659732819	-1.7642717671494876	-1.6135404238093545	-1.4195888191333603	-0.9703976500540027	-0.5442058703493905	-0.07345558191056106	0.00515314456961935	0.476800414617218	1.1287951148141173	2.094188705173248	2.8232120500978692	3.7122158441208604	4.908994005397133	6.180785584726154	6.935364421454884	8.06730266540828	9.128055473182911	10.064757672319633	12.351512783772241	12.753900779195371	14.088239660101534	15.242548005588358	16.366455184919566	17.147993028429656	19.954547445571713	24.262660282057624	25.383509602421114	25.645502104477274	30.92293992311574	30.923033274974856	38.03382547231574	38.03392348490134	42.93417830457826	42.93439151152345	45.198284010819044	45.19837748900626	51.24932019677059	51.24954805290164	51.24958518229802	89.87695466660766	89.87999247368383	89.88003319680514	89.88016992308398	89.88040558293665	106.86151357641515	106.93361348823848	106.93362589036451	106.93365149426673	106.9336554493293	168.0030345467046	168.007036440351	168.00732664749654	168.00754456022935	168.00761996177954	168.00775136105347	168.00777469642244	168.00781608375817
1056.8139202594757	-1.7671531274637116	-1.6229677883053184	-1.4420575616919593	-1.0136052198821726	-0.6113235285279752	-0.1566948948173923	0.0015139539184835591	0.3425191462859589	0.92465263378615	1.8009669035365004	2.603729588892543	3.2412223667875746	4.358064732053127	5.304763607850988	6.601002722760572	7.181865537934797	8.381011117548633	9.588879586612652	10.1323563541676	12.752678513530402	14.012338749903028	15.239233169090726	15.44707354045097	16.366519465434173	19.954547443268883	24.262660281985386	25.354175207041834	25.38350960907525	30.922938727839533	30.923028224350112	38.03382546709659	38.03392284711818	42.934178251076425	42.934391480209996	44.06233182933041	45.19828401115694	45.19837749498982	51.249326303030855	51.24954815954374	51.24959519750746	89.87997436406228	89.87999298685268	89.88005719243732	89.88020262906021	89.88042564109705	106.93283757806383	106.93361349343941	106.93362589056477	106.9336515057536	106.93365545099111	168.00681879471068	168.00715793471423	168.0074225773264	168.00759643453907	168.00763832242725	168.00775250722734	168.00777851992095	168.00781802912832
1075.2763772010803	-1.769094463989295	-1.6296412378373526	-1.456454906308651	-1.048530603628395	-0.6651340630297738	-0.22751840818987595	-1.9508768185543324e-05	0.2392299616373544	0.7951982252649328	1.582653471111508	2.427606860503829	3.0357155911230365	4.060034306595648	5.096878182721845	6.40822922051429	7.018141659094015	8.156738698005162	9.075032207084774	9.99821613680991	10.418083010963377	12.752730169717688	14.022157402147657	15.2406328735366	15.576073963971718	16.36652470905689	19.954547443404522	24.262660281992137	25.3770715630422	25.383509630380416	30.92293884534491	30.923028691100694	38.03382546796146	38.03392295222715	42.934178277220866	42.9343914955101	45.09582664475196	45.19828401448983	45.19837755400299	51.249327163339245	51.24954817189378	51.24959671427694	89.87998988273011	89.87999551678907	89.88006682441103	89.88020941718938	89.8804281243238	106.93336086321924	106.93361350431898	106.9336258909646	106.93365152665673	106.93365545400287	168.0068231434057	168.00715981602457	168.00742410598303	168.00759720528242	168.00763930007244	168.0077525351874	168.00777862047903	168.00781807966695
1093.7373707294464	-1.7699944473400024	-1.6328553329858253	-1.4630936495073208	-1.0674671671494598	-0.6936190794666846	-0.26532692790034607	-0.0008107908861976874	0.18955806861864985	0.7367817914624599	1.4789038788652733	2.3383325128509855	2.958639253751113	3.9124309590731667	4.982079545764096	6.149029580248968	6.872886284386393	7.643026224499571	8.55324580258533	9.731655766350912	10.167030983002233	12.752702546494813	14.017519041992742	15.24013761852386	15.515667543121001	16.36652209003057	19.954547443332583	24.262660281984296	25.33004972661325	25.383509606250875	26.577792274419938	30.922938895416653	30.923028891848283	38.03382546806217	38.03392296448142	42.9341782783296	42.934391496159	45.168315271811686	45.198284023259106	45.19837770917746	51.249327209400896	51.24954817253974	51.24959679627005	89.87998995286065	89.87999559580007	89.88006693663102	89.88020949401765	89.88042815141205	106.93336423204174	106.93361350453694	106.93362589097241	106.93365152703785	106.93365545405766	168.00682315315728	168.00715982030073	168.00742410946398	168.00759720701896	168.0076393023629	168.00775253525225	168.0077786207123	168.00781807978416
1112.2075066566467	-1.770570261962823	-1.6349607756092277	-1.4673682297595898	-1.0807903716648548	-0.7131374705310282	-0.29101016041560307	-0.0014259717253790947	0.15796340138454718	0.6996713706167005	1.4121495316684949	2.277317554416963	2.9103162277621717	3.804297230876571	4.8807605840520605	5.881464162286222	6.768536050085299	7.395436323191127	8.461605237262605	9.66224659223252	10.147764464188715	12.752689650487188	14.01427934748021	15.239451474490743	15.457335071388792	16.366519228114733	19.954547441086174	20.12665586056354	24.26266028199576	25.383509543729012	25.386463544527047	30.922938863414778	30.923028763418188	38.03382546801938	38.033922959279195	42.93417827794242	42.93439149593239	45.144099372817784	45.19828401772774	45.19837761131465	51.24932719598192	51.2495481723517	51.24959677237509	89.87998993780883	89.87999557848902	89.88006691221612	89.88020947730334	89.8804281455205	106.9333634195313	106.93361350448389	106.93362589097046	106.93365152694513	106.93365545404424	153.03670263020874	168.00682315747432	168.00715982219356	168.00742411100492	168.0075972077876	168.007639303377	168.00775253528084	168.00777862081543	168.00781807983594
1130.6694221496582	-1.7711974107428692	-1.637309921043757	-1.472100605091143	-1.0967650034973413	-0.7359675247943627	-0.320876190568044	-0.002330218996533846	0.12289953501206972	0.6571704258974986	1.3345367297127237	2.199870764856791	2.8501990204869005	3.655526579085989	4.714631427005612	5.571599927704573	6.6697692294854125	7.245045980067756	8.399223714679266	9.591417469880454	10.130828095084336	12.752641407045877	13.94721485948824	14.269449177926493	15.241702222339049	15.752558981559803	16.36653073979508	19.95454744342711	24.262660281992115	25.37635692641741	25.38350962763895	30.92293880313683	30.92302852273381	32.765341786623466	38.03382546807492	38.03392296603281	42.93417827826611	42.93439149612183	45.161949396575714	45.19828402108301	45.19837767068376	51.24932720376675	51.249548172460806	51.24959678623649	89.87998994325655	89.87999558473162	89.88006692103129	89.88020948333822	89.8804281476478	106.93336372064462	106.93361350450363	106.93362589097117	106.93365152697947	106.93365545404923	167.75430051103461	168.00682338356023	168.00715992127184	168.00742419158234	168.00759724793343	168.00763935643823	168.00775253677884	168.00777862621098	168.00781808254752
1149.1616451740265	-1.7720236450353266	-1.6405398881723243	-1.4786548434997322	-1.1217882064781455	-0.7710575540276661	-0.36754490944372015	-0.004930065847108069	0.06989273970637817	0.5847546427680873	1.1971974829812722	2.0316788812943485	2.7103493219148627	3.330333872898953	4.326550476523515	5.217862462233838	6.4878217760713115	7.056741261121045	8.160437911495347	8.926949054336172	9.858034026373485	10.210060140951766	12.752705300714906	14.017534176255312	15.240069014379314	15.507216829645273	16.36652149161837	19.954547443204977	21.518250345173758	24.26266028199641	25.383509552737042	25.386989093267875	30.922938860662445	30.923028752393574	38.03382546799583	38.03392295640996	42.934178276813846	42.93439149527179	44.56927308144395	45.19828400967848	45.19837746879987	45.39174473204123	51.24932721163512	51.24954817257104	51.24959680024832	89.87998994363811	89.87999558516982	89.88006692164963	89.8802094837615	89.88042814779702	106.93336373249134	106.93361350450421	106.93362589097121	106.93365152698067	106.9336554540494	167.9946841812961	168.00682787005434	168.00716186305777	168.00742574101164	168.0075980006404	168.00764039020044	168.0077525653657	168.00777872913093	168.00781813411774
1167.6385061740875	-1.7726633225010926	-1.6431633021430991	-1.4840459293833694	-1.1448097096957595	-0.8018747588660495	-0.40844976325829213	-0.012384866677521063	0.02930434980424732	0.5165191121486713	1.0778667549098047	1.8722184503355566	2.582300012064661	3.148976524406215	4.135588192278785	5.103376404647087	6.339455493157399	6.951079737640169	7.812151071591287	8.594270192675827	9.731960050179316	10.164917001667837	12.752696971668366	14.015820322580284	15.239756778309903	15.479074036027434	16.366520110980925	19.954547429378014	19.976599618195667	24.262660281994727	25.383508843365984	25.383740525132232	30.922938856444947	30.923028735506815	38.033825467957	38.033922951687	41.43530993567648	42.934178279591954	42.93439149689769	45.19013820670324	45.19828405570605	45.19837828197178	51.24932720776642	51.24954817251682	51.24959679335884	89.87998994335624	89.87999558484607	89.88006692119295	89.8802094834488	89.88042814768673	99.97257345200816	106.93336374248652	106.93361350450483	106.93362589097124	106.93365152698182	106.93365545404957	168.0064569630945	168.00694963291184	168.00720848375252	168.00745240692066	168.0076065985433	168.00766126355458	168.00775303468416	168.00778039928502	168.00781893570417
1186.103350162506	-1.7728389165511127	-1.6439053705949291	-1.4855870656930439	-1.1517552342250348	-0.8108127305570565	-0.42019642226786585	-0.01749120703442889	0.020749999712354857	0.49659486110273593	1.0465811059763528	1.8313475392454284	2.5519194484971384	3.1170018137165707	4.099194855280695	5.080731303086043	6.296241763358026	6.925349073816079	7.729871583071351	8.55904762468329	9.715176561360401	10.160306704061647	12.75269478822321	14.015240206282618	15.239602353206608	15.46665393940347	16.366519385816378	19.234803960134865	19.954547443787238	24.262660281993814	25.38090231275414	25.38350967037966	29.00535333733071	30.922938866748066	30.923028776772426	38.03382546798686	38.03392295531994	42.87238780584533	42.934178311657256	42.934391515601746	45.198283979386574	45.19837693135724	45.20988156927133	51.24932720867607	51.24954817252959	51.24959679497865	89.87998994346886	89.87999558497545	89.88006692137535	89.88020948357374	89.88042814773091	105.35302095147624	106.93336377372373	106.93361350450692	106.9336258909714	106.93365152698544	106.93365545405014	168.00669219269042	168.0070738949773	168.00730018491316	168.0074949107514	168.0076128656174	168.00770414859363	168.0077542363665	168.00778435724362	168.00782067666205
1204.9711651802063	-1.773041869021343	-1.6447863403681613	-1.4874548153912894	-1.1606298449139008	-0.822330393359992	-0.43579870737022325	-0.028252687821105724	0.012687474672285105	0.4676480307306769	1.0017345241993962	1.7688013320172	2.5030000153314056	3.067562921071877	4.0289730777545225	5.025314152011032	6.13343181338994	6.829022650803261	7.449955448311246	8.44299038273811	9.57691624248868	10.111422210985443	10.704060770641703	12.752704520184869	14.016954585178535	15.23993439581326	15.493840349870835	16.366520766064458	19.954547442682586	20.3695058856582	24.262660281994965	25.3835093391794	25.384174243305846	30.922938856925004	30.92302873742848	38.033825467960504	38.03392295211439	41.51524732873475	42.93417827963624	42.93439149692362	45.18988537779151	45.19828405435874	45.19837825822802	51.24932720752418	51.24954817251345	51.24959679292743	63.23557358055432	89.87998994349174	89.87999558500168	89.88006692141236	89.88020948359909	89.88042814773975	106.29667033867919	106.93336383051417	106.9336135045107	106.93362589097138	106.93365152699195	106.93365545405096	168.00669767584404	168.0070783563263	168.00730640344275	168.00749860422565	168.007613277992	168.00770859052827	168.00775444530657	168.00778498489598	168.00782094494045
1223.8280732631683	-1.7735342028758239	-1.6470662569850842	-1.4925778199641955	-1.1882293891478042	-0.8596049439166196	-0.4912395522553921	-0.09370804227722145	0.003017871920194767	0.3403504202698309	0.8219234855735499	1.4813747168138505	2.230849759666017	2.815019648438826	3.4359920254566565	4.324455740307279	5.18110015625222	6.4177503059892755	6.995436692244338	7.931881235170938	8.648820782628158	9.749148735726504	10.1693472309378	12.752697876570089	14.015985308920314	15.239784944234854	15.481294161150206	16.366520204753506	19.95454743510063	19.99115658935501	24.26266028199471	25.38350764807752	25.38359934107145	30.9229388557287	30.923028732639718	38.033825467878884	38.03392294218064	39.10582630493235	42.93417827800411	42.93439149596847	44.994511025319085	45.19828401173099	45.19837750514702	45.522465516000516	51.24932720910884	51.24954817253567	51.24959679574933	88.34365919668446	89.87998994368252	89.87999558522083	89.88006692172166	89.88020948381082	89.88042814781444	106.88422874134646	106.93336492030366	106.93361350458173	106.93362589097401	106.93365152711596	106.9336554540689	168.00669811278428	168.00707871219433	168.00730691345288	168.0074989158714	168.00761331247	168.0077089710231	168.0077544647529	168.0077850423534	168.00782096950533
1242.6814818382263	-1.7736779485127798	-1.6477760826723309	-1.494269902973419	-1.1982993402524509	-0.8734421192294013	-0.5129323606900382	-0.12332582739919026	0.0018047840707617084	0.2923359405287959	0.7684532220845302	1.4028844588865401	2.1589059962797337	2.761588230319073	3.3512215238984915	4.272100488613099	5.16105094868808	6.401298996510512	6.9855591955736855	7.9047783899511055	8.634473382424032	9.744611082161928	10.168126121819501	12.752697569027175	14.015917032862177	15.23977006996922	15.480048644131193	16.366520138291687	19.917007153598863	19.95454745142569	24.262660281994595	25.383298100363135	25.38351043259178	30.41363749390163	30.922938864521914	30.923028767847935	38.03382546795469	38.033922951404655	40.86268224271265	42.93417827891783	42.934391496503224	45.172163933016606	45.198284024954866	45.19837773915969	48.26216684892229	51.249327210071044	51.24954817254908	51.249596797462594	89.81403396158358	89.87998994790976	89.8799955900838	89.88006692857165	89.88020948848973	89.880428149458	106.93240132700767	106.93342383961657	106.93361350860708	106.93362589111355	106.93365153365113	106.93365545500343	168.0066981181197	168.0070787165397	168.007306919693	168.0074989196931	168.00761331289254	168.00770897569447	168.00775446499335	168.0077850430628	168.00782096980868
1261.5464987754822	-1.7737217158626635	-1.6479977550775946	-1.4948119434720553	-1.201643898462213	-0.8780803825959674	-0.5203082961728446	-0.1334908294631337	0.0014793973434636231	0.27711347175546264	0.7527534991211086	1.3804643513827077	2.138441101203231	2.746951634711689	3.3301424253420686	4.258605002448132	5.155455093151257	6.395772670426458	6.982131471737502	7.89451784899061	8.628978689296346	9.742627442466905	10.167573253337032	12.75269737591858	14.01586619642793	15.23975662679084	15.478889030027897	16.366520065870215	19.73812267349344	19.95454744467115	22.77509518100741	24.262660281995085	25.383509312439106	25.38411301398092	30.92293885624851	30.923028734720436	38.03382546792889	38.03392294826477	39.96348191609603	42.93417827843233	42.934391496219064	45.14022628378027	45.198284017093734	45.19837760008958	46.49075865040235	51.249327209366406	51.24954817253924	51.249596796207946	79.5787266097355	89.87998994323857	89.87999558471101	89.88006692100215	89.88020948331821	89.88042814764071	90.88853730465628	106.93335858512981	106.93361350416747	106.93362589095928	106.93365152638881	106.93365545396436	106.94456970909283	168.00669811833143	168.00707871671233	168.00730691994082	168.0074989198449	168.0076133129094	168.00770897587986	168.0077544650029	168.007785043091	168.00782096982078
1280.4240090847015	-1.7739079249620708	-1.6489857124945448	-1.4973556129739334	-1.2185392064607958	-0.9024592919641621	-0.560592952551383	-0.18968095111185995	1.944300230430284e-05	0.20144706833188003	0.6772497303910463	1.268376719865664	2.024379938672998	2.6604912421263	3.210515662950224	4.152633061139933	5.082484061910741	6.067793190594174	6.619837706644422	7.073759416785214	8.020305137632207	8.685093775726331	9.755462004084533	10.17077639992142	12.752697996184757	14.016000132752605	15.239786446760872	15.481397404563552	16.366520206314952	19.954547432402563	19.982097057450982	24.262660281994673	25.383505498817044	25.38355234874924	30.922938855384672	30.923028731262672	36.54682070682033	38.03382546801714	38.03392295899902	42.26939770201155	42.93417828071317	42.934391497553555	45.19051038891117	45.198284057681256	45.19837831673788	50.49187789497218	51.24932721376568	51.249548172600846	51.249596804039335	89.86969193106896	89.87998997152395	89.87999561752407	89.88006696682318	89.88020951426488	89.88042815832746	106.9327317975807	106.93345525743125	106.93361351126282	106.93362589120217	106.93365153749716	106.93365545554946	166.78183508351495	168.0066981241643	168.00707872146145	168.0073069267601	168.0074989240206	168.00761331337094	168.00770898098324	168.00775446526603	168.00778504386594	168.00782097015212
1298.8967897891998	-1.7740766006217497	-1.6499579333479126	-1.500109475717818	-1.2389900676400871	-0.9334077163510323	-0.6118742322415701	-0.25609913662355926	-0.0016403259401968435	0.12904697713790098	0.6032606070396963	1.1513628711617254	1.8773114071179924	2.530643459294566	3.048057153158557	3.8322626257593395	4.541561485517202	5.230410193350683	6.433008934076071	7.002038169592563	7.941383657349238	8.651652065099523	9.749179365412528	10.169287356075525	12.752697790306884	14.015960928781645	15.239778705033466	15.480755550181584	16.3665201732116	19.94036010911829	19.9545474645633	24.26266028199408	24.54115447510569	25.383509264447017	25.38402732552554	30.92293885572859	30.92302873263924	37.720830287293076	38.0338254682303	38.033922984942095	42.82781812789209	42.93417829250352	42.93439150443857	45.197154029788564	45.19828431681869	45.19838279563469	51.18492153629808	51.24932726363656	51.24954817329569	51.24959689249989	89.87977988734025	89.87999096028354	89.8799974202368	89.88006861697248	89.88021025215555	89.88042832555222	106.93291584659583	106.93349285640808	106.93361351570508	106.93362589134429	106.9336515432413	106.93365545635936	168.0031403732272	168.00670009888643	168.00708017561985	168.00730891660365	168.00750009880196	168.00761343964913	168.0077103556598	168.00775453714436	168.00778525336966	168.00782105904932
1317.3709576129913	-1.7741895410399944	-1.6506700061639792	-1.5023588641954924	-1.2573964024161746	-0.9619265069135349	-0.6559097434018114	-0.30646815807154126	-0.003589722497982816	0.08123557442573488	0.5459363549465283	1.0553073027534043	1.7330996728744499	2.389191234757245	2.905572235663332	3.5320690612958563	4.341400361677638	5.17688724445053	6.405342954235478	6.985127292386967	7.884687228139377	8.606255970508547	9.442742949223636	9.780587643487332	10.173064739218699	12.75269795911306	14.015988061067212	15.239783568997478	15.48115293657092	16.36652019295208	19.954547415838302	19.965511934615915	24.262660281994638	25.383424468717926	25.383511663781583	27.9654131287715	30.922938855984647	30.923028733664168	37.95686552616798	38.03382546901564	38.03392308049863	42.917809724164066	42.93417836841167	42.934391548236654	45.19812827654035	45.19828583758719	45.198403944201544	51.24444121161091	51.24932792119186	51.2495481819185	51.24959800634989	89.87992679569152	89.87999188998295	89.88000257148559	89.8800707065508	89.8802107035216	89.88042838278166	106.93291754133236	106.93349334670087	106.9336135157782	106.93362589134647	106.93365154332929	106.93365545637174	168.00668722610638	168.00705850414525	168.00724879433855	168.00740864940408	168.0075346372344	168.0076158761424	168.00772869960588	168.00775591961846	168.00778846558697	168.00782229796087
1335.8361175060272	-1.774277137541926	-1.6512743355727248	-1.5045008999148588	-1.2762556402876317	-0.9909763654687704	-0.6962031540539279	-0.34899370311727074	-0.007575670281416644	0.04283716770064522	0.48670938515046835	0.9558923569067568	1.5781736237360227	2.244537416102931	2.7913393590043825	3.3546842258833816	4.240059643718485	5.1288069126034035	6.206571806036659	6.625030480875286	7.049803401198249	7.980968961876016	8.665675290678367	9.751573248477719	10.169833721595541	12.752697856872974	14.01597311629193	15.239781060199038	15.48094989358211	16.36652018317471	19.953465313765133	19.954547721780788	24.262660281994453	24.727272172330263	25.383509190945475	25.383934985731983	30.922938855206095	30.92302873054769	32.06944678142605	38.03382546575453	38.033922683724875	38.069267538969996	42.93417802069942	42.934391339804016	42.93985930011936	45.19826857112834	45.19829757482538	45.1984468943619	51.2493251717692	51.24954813765202	51.249592605163784	51.25106814891851	89.87992937942978	89.87999192005893	89.88000289427985	89.88007079825165	89.88021071767523	89.88042838427096	106.93291756259208	106.93349335287513	106.93361351577914	106.93362589134664	106.93365154333048	106.93365545637205	168.00668751741537	168.0070596277102	168.0072533453039	168.0074156938074	168.00753817529147	168.0076161013113	168.00772975779273	168.00775604587736	168.00778869854042	168.00782238171263
1354.302001953125	-1.7743178686603591	-1.6515749636701116	-1.5056656788891427	-1.286785407821337	-1.0065145563813924	-0.715558715581023	-0.36861023517081865	-0.012170130106641497	0.027086515062701686	0.45495938648395046	0.9073314036235772	1.5094715101664093	2.1865106875264493	2.7505664010861968	3.29965424879419	4.198409851751452	5.091119502909355	5.839960848470093	6.4927800128212345	7.021275742798232	7.964144543451337	8.660259172018822	9.750754835305246	10.169650783704407	12.75269783403761	14.015968509843981	15.239780033971918	15.480862226592839	16.366520177978142	19.932195289056256	19.954547456640032	21.784021349130754	24.262660281994677	25.383505408029382	25.383551422749036	29.84117094221972	30.922938856474456	30.92302873562466	38.01466006765172	38.03382547210607	38.03392345656356	42.93118347358728	42.934178767847186	42.9343917645626	45.198229448059976	45.19828849805259	45.19842334831414	51.24889649851045	51.24933504912263	51.24954823802558	51.2496059549904	89.87992689707264	89.8799918911461	89.880002583653	89.88007071004988	89.88021070406757	89.88042838283955	96.4401578945726	106.93291757283635	106.93349335585022	106.93361351577943	106.93362589134652	106.93365154333097	106.933655456372	168.0066875291597	168.0070596717835	168.00725352357816	168.00741598459675	168.00753833208503	168.00761611147504	168.00772980372284	168.00775605156696	168.00778870885688	168.00782238541015
1372.7867622375488	-1.7744238695086685	-1.65244509721092	-1.509579188125358	-1.3220817156952138	-1.0539060482854588	-0.767840019007743	-0.4231441047588922	-0.05442623667980136	0.00548679040434683	0.34600526721584457	0.7699656538838293	1.3306437492602083	2.0257492814057128	2.626021599741522	3.131163962889315	3.921271069225256	4.550884547134731	5.215270578438312	6.418782318973354	6.991528099794498	7.891165288519434	8.565316366691901	8.883663873858104	9.755365034989776	10.170423318556963	12.752697877445065	14.015975732437617	15.239781431423308	15.480978801219688	16.36652018436441	19.953612239180007	19.954547765359663	24.20113297976228	24.26266028199606	25.383508722448415	25.38370878333238	30.917270267663714	30.92293897810384	30.92302921809729	38.03382511118447	38.03388601579602	38.034182912532465	42.93416790317437	42.93431298749242	42.93440191711375	45.19824651115815	45.19829022732828	45.19843034809927	51.249317040867766	51.24954647358889	51.24955528657132	51.24973628496598	89.87992855033453	89.87999191030953	89.88000278776035	89.88007076825001	89.88021071308074	89.88042838378914	106.93291693044509	106.93349316885111	106.93361351575149	106.93362589134568	106.93365154329727	106.93365545636723	107.08575052756888	168.00668753032386	168.00705967614715	168.00725354122577	168.00741601344424	168.0075383476902	168.0076161124878	168.00772980829007	168.00775605213383	168.00778870988384	168.00782238577816
1391.3042166233063	-1.774439523389323	-1.652586562194866	-1.5103057858777	-1.3282753899877344	-1.0612584650293349	-0.7751646295687271	-0.4311383478983103	-0.06371790470819436	0.004500789402040897	0.32899310275609567	0.7525852393280078	1.3090647567710616	2.003952200662511	2.606812182458139	3.10597020346199	3.861447863337976	4.493741418748855	5.203514525089299	6.4133839930665895	6.98750412590998	7.859078196349094	8.426568504791808	8.742960140938543	9.754103065737695	10.170256903480231	12.75269787330734	14.015975192908428	15.239781346544321	15.480971989080977	16.366520184040915	19.95311452929172	19.954547653486443	24.10773908155334	24.262660281995213	25.38350864649384	25.383692973037277	30.86734696514844	30.92293886840331	30.923028783326814	38.03339266694917	38.03382562222303	38.03394116075818	42.93415339863489	42.93423586846244	42.934396433129706	45.198246052857435	45.198290161685826	45.19843012424245	51.2493164574894	51.24954490192475	51.249552154539955	51.249722308943504	89.8799285334692	89.87999191011222	89.88000278562316	89.88007076764548	89.88021071298783	89.88042838377943	106.74779498059365	106.93291808308008	106.93349350374423	106.93361351580162	106.93362589134723	106.93365154335763	106.9336554563757	143.78971070047942	168.00668753036393	168.0070596762975	168.00725354183453	168.00741601443957	168.0075383482288	168.00761611252258	168.00772980844766	168.0077560521532	168.0077887099192	168.0078223857909
1409.772501707077	-1.7744957908203705	-1.6531380748021012	-1.513491886179793	-1.3535516941314438	-1.0891359176581439	-0.8025417749323217	-0.4636682953326341	-0.10690461167571823	0.0019247158814128518	0.25709522548431124	0.6834448932994818	1.2153880872850815	1.8870870589348618	2.483264636621311	2.953077965162733	3.5359397809680386	4.302420077413872	5.1472493488111315	6.188252024848772	6.554789940429744	7.026105627457631	7.958851738536265	8.6557880974118	9.748469308221821	10.16870904027186	10.82572327299358	12.752697897621411	14.01597735544252	15.239781613704384	15.480992601679953	16.36652018490108	19.954024705595955	19.954548019456855	24.238054225054068	24.262660281998144	25.383508745967273	25.383714246507353	30.919109377374088	30.922939036005065	30.923029444708234	38.033824679200855	38.03386340746042	38.03408350694472	42.934165917840396	42.934292490585825	42.93439968703768	45.19824638014467	45.19829020840799	45.198430283845575	51.249316841986456	51.24954607954855	51.24955410059247	51.24973126116447	89.8799285422004	89.87999191021437	89.88000278672952	89.88007076795856	89.88021071303609	89.88042838378459	106.93144318231009	106.93298137683732	106.9335087423945	106.93361351821974	106.93362589142087	106.93365154610484	106.93365545675991	167.94231111198604	168.00668754317297	168.00705972397176	168.00725373404785	168.00741632857992	168.00753851844001	168.00761612356501	168.0077298580709	168.00775605832047	168.00778872107693	168.00782238978664
1428.2483060359955	-1.7745159414662166	-1.6533559403714841	-1.514937438586125	-1.3638269339521576	-1.0996463540506867	-0.8129756436809085	-0.47754357389742924	-0.1274879026977848	0.001172607444788196	0.22661236062419857	0.6546733770717993	1.1710598998279633	1.817406102689124	2.401430184010498	2.8727026996918856	3.4157415018389448	4.239287577523581	5.097152553228443	5.685655452534028	6.4565451059209975	7.007547410378092	7.940120756930644	8.645777438682927	9.730123919329841	9.921885207404033	10.172957685629001	12.752697885507521	14.015976450575337	15.23978151262666	15.48098491462326	16.366520184593178	19.953703340525276	19.954547800100666	24.172752966943733	24.26266028199562	25.383508684529108	25.383700562975044	29.168434758333248	30.922938842516704	30.92302867969931	30.973166526855444	38.03382506720261	38.03388276159943	38.03416175139083	42.934166492930544	42.93429780081903	42.93440017335009	45.19824640326516	45.1982902117378	45.19843029516916	51.24931685823646	51.249546116320126	51.249554193872406	51.249731661171666	89.87992854226532	89.87999191021514	89.8800027867377	89.88007076796085	89.88021071303635	89.8804283837845	106.93215750740953	106.93303904199723	106.93351996834267	106.93361352026248	106.93362589148084	106.9336515482003	106.9336554570508	168.00214112982053	168.00668770961494	168.00706028871997	168.00725592197895	168.00741988463093	168.00754047835642	168.0076162504723	168.0077304039753	168.00775612727787	168.00778884389223	168.00782243342942
1446.7098376750946	-1.774557719148864	-1.6538564962055669	-1.5187949087271173	-1.3874996593613318	-1.122809921775272	-0.8372082983916207	-0.514200298470823	-0.1852657415484484	-0.000524221884496409	0.15296539456758323	0.5803532024624548	1.0438324777232362	1.6086013213954526	2.2030251127837226	2.7321209732944287	3.2452002907458577	4.087607481194883	4.756688590855093	5.253313890187005	6.424319062071367	6.993890642501735	7.894349007308235	8.543951745708661	8.814495083338443	9.754229777716624	10.170243561081321	12.7526978651463	14.015972470893093	15.239775922471592	15.367285785541522	15.481475611371645	16.366520187030073	19.954397421504353	19.954549450648862	24.260404131324808	24.262660282032517	25.383508760203775	25.38371770153861	30.92287837857383	30.922948199233332	30.923049377770962	38.033824824089024	38.03386905723256	38.03410059734963	42.93416608763234	42.934294011164056	42.93439982105743	45.19824638708729	45.19829020940743	45.19843028724513	51.2493168470585	51.249546091121964	51.2495541296291	51.24973138581999	88.90037132540658	89.87992854313907	89.87999191022539	89.88000278684828	89.880070767992	89.88021071304102	89.88042838378489	106.93251113410523	106.93313756828206	106.93353956977015	106.93361352481934	106.93362589160768	106.93365155226361	106.93365545761009	168.0066855924888	168.00700552991614	168.00709674502158	168.007293370273	168.007468260585	168.00757966257603	168.0076198635937	168.00773734604275	168.0077572672259	168.0077904750038	168.00782296390298
1465.5818347930908	-1.774579392639654	-1.654151249576778	-1.5215059266451338	-1.4011335402186424	-1.1359399430118409	-0.8523002390005635	-0.5404879292162078	-0.22626998963588327	-0.0017955665676502369	0.10968426612509401	0.5298016001436815	0.958155467839402	1.493100832917895	2.117309398165062	2.674740214415614	3.1727858411823773	3.9473265996730764	4.527076649689196	5.199752902448474	6.395937532545314	6.941086049186126	7.198755421075928	7.968164688846438	8.654314448805254	9.737252787417784	9.930866435991897	10.172210749539888	12.752697877546339	14.015975209886975	15.239781219587783	15.480958217973411	16.366520181782306	17.023168955255823	19.95454130100393	19.95459646546029	24.26266028195502	24.264812215341028	25.383508762628693	25.383718301681533	30.922936778395435	30.92301917425343	30.923313099444808	38.033824832952035	38.033869452949105	38.034101927310324	42.934166099349525	42.93429411751981	42.934399830582436	45.19824638756982	45.198290209476944	45.19843028748144	51.24931684743983	51.2495460919885	51.249554131814946	51.249731395198644	89.84042640945341	89.87992856375418	89.87999191046622	89.88000278945663	89.88007076872844	89.88021071315387	89.88042838379674	106.9325247554325	106.9331446136404	106.93354116606235	106.93361352527499	106.93362589161984	106.93365155262987	106.93365545766018	168.00668573746913	168.00701803247938	168.00710632349052	168.00729685686557	168.00747146382997	168.00758370049633	168.00762061420394	168.00773796658657	168.00775740501228	168.00779063425975	168.007823011722
1484.446645975113	-1.7746027601282823	-1.6545109314290718	-1.525419568295969	-1.4173246093178424	-1.1522846474556183	-0.8737051792660955	-0.5821065993649056	-0.2853029595702707	-0.005015463573147198	0.055653681246874975	0.452440006239383	0.845358763646303	1.3634498024462254	2.0077508905876225	2.5742717050932273	3.0252970868085187	3.581213373761624	4.280111488808998	5.099532857533249	5.581750474115625	6.441786592290559	7.001303110061872	7.922208270781323	8.62351991072319	9.146688155362057	9.75650215471848	10.170483489107502	12.752697871811536	14.015974302201228	15.239780885945514	15.480920862071782	16.263815838676294	16.366520205936645	19.954486778698847	19.954552407154413	24.262660281598258	24.262875544686356	25.383508761573317	25.383718040069763	30.922934325840362	30.92300587301032	30.92314455562637	38.03382482624247	38.03386915278379	38.034100916690775	42.934166068261554	42.93429383572235	42.93439980538745	44.5541846895071	45.19824639059881	45.198290209913104	45.198430288964445	51.24931684763894	51.24954609244082	51.24955413295667	51.24973140009726	89.87992777183248	89.87999190068729	89.88000268335173	89.8800707365302	89.88021070735955	89.8804283829714	89.88103042527008	106.93252512659689	106.93314481176844	106.93354121156682	106.93361352528815	106.93362589162027	106.9336515526404	106.93365545766174	168.00668573859096	168.007018122962	168.0071064115956	168.00729688773237	168.00747149139573	168.0075837362342	168.0076206216401	168.00773797217946	168.00775740629322	168.00779063571196	168.00782301215554
1503.3077144622803	-1.7746055271307783	-1.6545570062972312	-1.5259741734826455	-1.4193224954786656	-1.1543794636873168	-0.87666825073067	-0.5879957920761719	-0.2927184426033423	-0.005734392856405516	0.049622882622705144	0.4426698268896221	0.8333501338723998	1.3506347640160365	1.995189842434796	2.5603831142598925	3.006091489757748	3.547873067098743	4.265965889238886	5.08558790229232	5.533630237181832	6.439939798339786	7.000718252533705	7.920808213501165	8.62143180152004	9.12296525580034	9.756295260768596	10.170465590462538	12.752697871500613	14.015974235534207	15.239780847792456	15.480915816412574	16.21111578887966	16.36652019877991	19.95447977828048	19.954551893628043	24.262628365068085	24.262660284668385	25.383508761421943	25.38371800259323	30.922932300143078	30.922995555322125	30.923106860930243	38.03382481769435	38.03386877569906	38.03409966263076	40.635952161836755	42.93416611867286	42.9342942933122	42.934399846369395	45.198246387945694	45.19829020953105	45.19843028766549	51.24931684754755	51.24954609223328	51.24955413243271	51.249731397849295	82.13649859779612	89.87992849544345	89.87999190966565	89.8800027807843	89.88007076627015	89.88021071277433	89.8804283837567	89.89797026636009	106.9325251630109	106.9331448312238	106.93354121603704	106.9336135252894	106.93362589162022	106.93365155264132	106.93365545766177	168.00668573860767	168.0070181243172	168.00710641291778	168.0072968881953	168.00747149180904	168.00758373677053	168.00762062175164	168.00773797226324	168.0077574063125	168.00779063573367	168.00782301216185
1522.1483840942383	-1.7746166429169088	-1.654753212486692	-1.5285136300413218	-1.4277415937338989	-1.1637005448666635	-0.8908297161784906	-0.6163891452531999	-0.32606365652706304	-0.01187926605553242	0.025065329220585904	0.3957293564448566	0.7796796066994442	1.2905358964349238	1.924951087643098	2.4721302438376758	2.8999739884373423	3.401549342408308	4.195042772399357	4.962244379313123	5.335696032588741	6.430064772446146	6.9963526243427685	7.900950423411084	8.537911610802771	8.780728733743063	9.752689892986853	10.169749976197703	10.631497900762325	12.752697875152759	14.015974736569468	15.23978104466279	15.480939389148043	16.366520168352373	16.492371956576616	19.95450447525076	19.954554451436543	24.262660281849598	24.263248516535906	25.383508761774873	25.38371808997979	30.92293517265963	30.92301052178703	30.923175436251896	38.0338248280727	38.033869234292915	38.03410119002485	42.93416608537899	42.93429399072741	42.93439981922914	45.19824638589939	45.1982902092364	45.19843028666331	46.2910838367061	51.24931684769335	51.24954609256447	51.24955413326878	51.2497314014362	89.87992780224455	89.87999190108401	89.88000268766544	89.88007073793543	89.8802107076554	89.88042838302806	89.88107558726986	106.93252512359464	106.93314481016444	106.93354121119822	106.93361352528801	106.93362589162017	106.93365155264028	106.93365545766164	158.70843837219695	168.0066857386692	168.00701812927343	168.0071064177538	168.00729688988918	168.00747149332122	168.00758373873154	168.0076206221603	168.00773797257028	168.0077574063829	168.0077906358134	168.00782301218567
1540.9728915691376	-1.7746290077360933	-1.6549960606508654	-1.5320825508490221	-1.4377735764400423	-1.1760766111575438	-0.9119411180496995	-0.656436698683001	-0.36653836268495005	-0.03427284800780392	0.008400172804298665	0.3334987896939537	0.7173768399635748	1.2119566758883764	1.804723487533384	2.324295915869133	2.7829922136908034	3.278242102795762	4.088191627578676	4.692208245247423	5.223665515219477	6.396841835674723	6.841890374301348	7.044220672812364	7.940671568950172	8.63870879926285	9.350611829652857	9.758706628941622	10.170621738379056	12.752697872929676	14.015974489549757	15.239780967846311	15.480930848562348	16.366520018992137	16.37939567465869	19.954496983232282	19.954553410948115	24.262660281803885	24.263107568372458	25.383508761700305	25.38371807151496	30.922934914505472	30.92300909779769	30.923164423042053	38.03382482744893	38.033869206483914	38.0341010966779	42.93416608079415	42.934293949172265	42.93439981551424	45.19824638136411	45.198290208583366	45.19843028444076	45.49572209431211	51.24931684765974	51.24954609248826	51.249554133076366	51.249731400610855	89.87826108570128	89.87992904982923	89.879991915955	89.88000284882202	89.88007078481806	89.88021071543626	89.88042838401098	97.78661002002845	106.93252514243686	106.93314482023054	106.93354121351094	106.9336135252886	106.93362589162011	106.93365155264064	106.93365545766157	167.2890966589502	168.00668573934155	168.00701818340633	168.00710647063536	168.00729690840316	168.0074715098438	168.00758376015716	168.00762062662616	168.00773797592362	168.00775740715127	168.0077906366841	168.00782301244558
1559.822233915329	-1.7746356514780652	-1.6551396719124203	-1.534426515859517	-1.443395170669348	-1.1837712738227009	-0.9260609386012708	-0.6800407404689048	-0.3874671884173017	-0.05253356124364229	0.005128674729562854	0.30011614113020324	0.6869462068632795	1.1693105477003551	1.7341449562694138	2.2573242093452106	2.743219924658699	3.2364348849993227	4.023761770975745	4.575675270714005	5.197922268729774	6.301120797377143	6.545024343623889	7.011623247940514	7.933166978876397	8.634188732772696	9.283129800200452	9.757824059237016	10.170574441716516	12.752697872637745	14.015974442469153	15.239780948028756	15.480928478812018	16.34836403352359	16.366520302808006	19.95449364642061	19.95455304081091	24.262660281733783	24.262987331066558	25.38350876162141	25.383718051970156	30.922524948260232	30.92294042970673	30.923034329219156	31.068858031665005	38.03382482818853	38.03386923946324	38.034101207387806	42.93416608450519	42.93429398280525	42.93439981852068	45.198246385357194	45.1982902091583	45.198430286397674	46.004963251536466	51.24931684767608	51.249546092525215	51.249554133169724	51.24973140101123	89.87990195653204	89.87995949715231	89.87999209380033	89.88000463802355	89.88007100490088	89.88021073021919	89.88042838478323	106.35307648404769	106.932525383358	106.93314494887632	106.933541243055	106.93361352529749	106.93362589162042	106.9336515526476	106.93365545766261	167.9909687449273	168.00668577078036	168.0070206176409	168.00710896871098	168.00729776794418	168.00747226353832	168.0075847368305	168.0076208359575	168.00773812821038	168.0077574422858	168.00779067621968	168.00782302420254
1578.6596076488495	-1.7746418768586052	-1.6552856977281116	-1.5370144359261007	-1.4488970900397586	-1.192122511717458	-0.9421107856561381	-0.7038132033363218	-0.4075199166760374	-0.07313718133507581	0.0032663131476060635	0.2661355915904255	0.6561720216488146	1.1215758973148426	1.6556385960719255	2.193964707138326	2.705311948323408	3.191144042594536	3.920658049101407	4.449538999747985	5.16667753611224	5.95118080141453	6.456525283824072	7.004014735452398	7.925478499701199	8.62603805871141	9.158518814851814	9.756384447986997	10.17045711772378	12.103780817919242	12.7526978757908	14.015974630452373	15.239780999170206	15.480934190218544	16.366520139606628	16.413013594809073	19.95449815433376	19.954553552731404	24.262660281807296	24.263115671837575	25.383508761702927	25.383718072162196	30.92293489056275	30.92300896585805	30.92316348295762	38.03382482719343	38.03386919509987	38.03410105849049	42.934166071458996	42.93429386464197	42.93439980796639	44.21183760917753	45.19824638865139	45.198290209632674	45.198430288011	48.525181214953676	51.24931684771324	51.249546092609634	51.24955413338279	51.249731401925146	89.8799199693619	89.87999160317352	89.87999959449321	89.88003181326316	89.88007146751232	89.88021073807445	89.88042838499302	106.91340705812911	106.93253274909999	106.93314882558958	106.93354212253108	106.93361352555509	106.93362589162722	106.93365155285144	106.93365545769042	168.00663810501692	168.00669238173074	168.00705623301832	168.0072139423942	168.00734104317098	168.00749440794718	168.00760729492202	168.00763753085204	168.0077425377789	168.0077587358663	168.00779185095152	168.0078233423909
1597.5062053203583	-1.7746539697514458	-1.6556164684968488	-1.5437596736438763	-1.4606275867186276	-1.2143696347430757	-0.986342876031495	-0.7560443976862457	-0.45330655051178725	-0.13323044100780276	0.0005467011867002855	0.17726292966832888	0.5659530420200652	0.9617137488551882	1.4338873967025378	2.023142479954936	2.5507565962616985	2.9533686706310736	3.4183279282231362	4.172082054047492	4.84425383678874	5.258444713007948	6.4108577471039165	6.941134790280354	7.108131719451876	7.942060216117819	8.638622262638986	9.340357253687234	9.758496850393398	10.170608648053205	12.752697872789218	14.01597446338151	15.239780955547705	15.480929350383553	16.3579997105095	16.366520435534323	19.954493749167135	19.954553051519216	24.26248584181334	24.26266028248334	24.810307930951595	25.383508762019318	25.383718150515442	30.922935015586916	30.923009655139136	30.923168537417272	38.03382482746971	38.03386920740939	38.03410109978215	42.93416607931761	42.93429393579444	42.93439981431892	45.12906348233052	45.19824641156062	45.19829021293127	45.19843029920237	51.09172803664576	51.24931684839668	51.2495460941583	51.249554137295334	51.24973141868878	89.87992032783819	89.87999164145135	89.87999994925156	89.88003565723395	89.8800715502214	89.88021073871874	89.88042838500708	106.9320402444588	106.93277555980501	106.93325753083256	106.93356344901048	106.93361353350672	106.93362589182163	106.93365155800097	106.93365545838508	168.00668117533044	168.00674785890686	168.00706005915322	168.00723523406052	168.00736177629085	168.00750205050082	168.007610486722	168.0076501042449	168.00774436630672	168.007759522232	168.00779239344337	168.00782347305196
1616.336659193039	-1.7746590562903835	-1.6557810330740286	-1.5475579108862936	-1.4659391483918478	-1.2270484947811273	-1.009692915376872	-0.777533662069424	-0.4746095992647473	-0.16617694964069477	-0.0005301930802869909	0.13674957302246535	0.519428652902172	0.8902090552007148	1.3617805094379973	1.9582589857526171	2.4703111141954244	2.8692214970761456	3.3407786500499133	4.127219239412796	4.746156840428513	5.23124693150436	6.393371718230199	6.7779609084128944	7.027822748297379	7.936958005497192	8.636170026040924	9.305897041952884	9.758048386598817	10.170584816340998	12.752697872562031	14.01597439237316	15.239776561102564	15.248073299158003	15.480948003540389	16.36652014231523	16.41412257191883	19.954496014643752	19.954553298556892	24.26266028175066	24.26300997811821	25.383508761605462	25.383718048019183	26.9419910070989	30.922935058164114	30.923009890014207	30.92317034419556	38.033824827492346	38.0338692084164	38.03410110316068	42.93416607953241	42.934293937740385	42.93439981449277	45.15893090328523	45.19824642999765	45.19829021558586	45.19843030817303	51.2041933917822	51.249316850179454	51.24954609817093	51.24955414745558	51.249731462043364	89.87992033072375	89.87999164173235	89.87999995192199	89.88003568980774	89.88007155099511	89.88021073872424	89.88042838500724	106.93209711122545	106.93280249794269	106.93327208316761	106.93356646194022	106.93361353506137	106.93362589185621	106.93365155880397	106.93365545849188	168.0066811871204	168.00674800601243	168.00706006626893	168.00723527096375	168.0073618221545	168.00750206774438	168.0076104920518	168.00765013597402	168.00774437083518	168.0077595244649	168.0077923948668	168.0078234733839
1635.1721994876862	-1.7746617304618573	-1.6558761030244187	-1.5498802021956253	-1.4688369535891603	-1.2348503653204237	-1.022893969235752	-0.7885301523604487	-0.48668084687195756	-0.18562307421947852	-0.0011900389057187336	0.11539776787404962	0.4933071452456529	0.855494579521082	1.3290246271002504	1.9235862784099018	2.4266443983590498	2.8345002308279144	3.3111075541562602	4.10193891493601	4.691248607923688	5.21807439726712	6.363874171248184	6.630273661135914	7.014765122461756	7.933147363086674	8.633189525695698	9.25157559445345	9.757250591113836	10.17051841942842	11.246467345165621	12.75269787312169	14.015974491981824	15.239780964101437	15.480930324489737	16.366519366837174	16.369125009184096	19.9544949144902	19.954553175930766	24.26266028168532	24.26293610325592	25.383508761450873	25.38371800973353	26.058897542003816	30.922935038359007	30.923009780754676	30.923169498148475	38.03382482748361	38.03386920802976	38.03410110186362	42.93416607945012	42.93429393699483	42.934399814426165	45.147079456823505	45.198246420100354	45.198290214160814	45.1984303033614	51.15027926595633	51.24931684881697	51.249546095107874	51.24955413969675	51.24973142895892	65.6472845424099	89.87992033113723	89.87999164177256	89.87999995230423	89.88003569447568	89.88007155110613	89.88021073872507	89.88042838500716	106.93210081842825	106.9328044426184	106.93327319259599	106.93356669873067	106.93361353519074	106.93362589185907	106.93365155886853	106.93365545850048	168.00668118732014	168.0067480085106	168.00706006638973	168.0072352715903	168.00736182293363	168.00750206803747	168.0076104921423	168.0076501365132	168.00774437091204	168.0077595245027	168.007792394891	168.00782347338952
1654.0066661834717	-1.774666284195558	-1.6560551598669022	-1.554472424647765	-1.4739244123323774	-1.2501872920885022	-1.045994207077827	-0.8064951563666727	-0.5087470690922559	-0.22113089328315091	-0.0026572468287837186	0.08072374679880856	0.44828697724993244	0.8033301941110333	1.2789139201357187	1.860851644207498	2.351376140075597	2.7841144429867577	3.2648552946087723	4.039612487995974	4.566111188944019	5.186393512001082	6.002314938582936	6.452055069307815	7.001219580977205	7.895818891288242	8.196743995629344	8.651040504676851	9.422077089823585	9.759510300207115	10.170643632441742	12.752697872858679	14.015974471841673	15.239780958510108	15.480929695249193	16.362130905077617	16.366520671141313	19.954494206836202	19.954553099731104	24.26266027982519	24.26269959695608	25.029939754275304	25.38350876217588	25.383718189286544	30.922935005816676	30.92300960124766	30.92316812908518	37.71003731717125	38.03382482792424	38.033869227672014	38.034101167742996	42.93416607974462	42.934293939663	42.934399814664516	45.17860582916977	45.19824647248334	45.19829022170261	45.19843032872222	51.24001130555434	51.249316859741704	51.24954611903233	51.249554200814586	51.24973168557361	89.87992033082423	89.87999164174218	89.87999995201488	89.88003569094292	89.88007155102206	89.88021073872443	89.88042838500718	106.93209801201954	106.93280296815968	106.93327235062847	106.9335665189239	106.93361353509249	106.93362589185689	106.93365155881965	106.9336554584939	164.77511743905296	168.00668118882612	168.00674802734676	168.007060067301	168.0072352763144	168.00736182880755	168.00750207024606	168.0076104928247	168.00765014057802	168.00774437149227	168.0077595247889	168.00779239507364	168.0078234734322
1672.8659691810608	-1.7746687959534988	-1.6561653286783296	-1.5574124012863402	-1.4768053637280874	-1.2598189170961855	-1.058674455634121	-0.8159944150291161	-0.5218690047015462	-0.24155705922910284	-0.003848809867342755	0.06292842878883655	0.42347573022693574	0.777612954015993	1.2521774958605834	1.8212806019411105	2.307327276247216	2.756962356453083	3.2356920777989737	3.9731536742933438	4.460799402651309	5.147444133156283	5.6292757188105895	6.432005397725439	6.993200144371117	7.561328223670371	7.959216030906679	8.641878930248913	9.370008756497423	9.758843029166476	10.170622073714988	12.752697872813322	14.01597446540374	15.239780955716784	15.480929353119528	16.357066599463142	16.36652041051833	19.954489847792754	19.954552671605214	20.632256699068936	24.262660281749785	24.263008694574204	25.383508761574383	25.383718040325423	26.42703230003	30.92293503498178	30.92300976212352	30.923169354837597	38.03382482746988	38.03386920741705	38.034101099807536	42.93416607759323	42.934293920171676	42.934399812923054	43.43543836363736	45.19824634500515	45.19829020334753	45.19843026654639	45.23615593827327	51.249316839419926	51.24954607333319	51.249554085089805	51.2497311917869	51.26285420063893	89.87992033083985	89.87999164174367	89.87999995202935	89.88003569111882	89.88007155102623	89.88021073872449	89.88042838500722	106.93209819270204	106.93280306265596	106.93327240443999	106.93356653039655	106.93361353509867	106.933625891857	106.93365155882267	106.93365545849439	167.76587200898598	168.00668120715696	168.00674825753805	168.00706007842314	168.00723533391812	168.0073619004526	168.0075020971736	168.00761050112897	168.0076501901229	168.0077443785607	168.00775952827735	168.00779239729576	168.00782347395042
1691.7156386375427	-1.7746735537333616	-1.6564047230157648	-1.5640077913235704	-1.4824470837770722	-1.280728438535646	-1.0823487196535626	-0.8340661297746556	-0.5504888581106532	-0.2833257811961409	-0.008814041367195161	0.030909947472412963	0.3716725688473642	0.7270057594638042	1.1894071468756264	1.7097292985854942	2.195855056301111	2.681908586291852	3.124021596569074	3.6210369019840374	4.2229641640717075	4.899506023571219	5.270080475452659	6.408811228667326	6.902827643301232	7.061004681083633	7.938776193170388	8.636704631588005	9.306986191242457	9.757994173262324	10.17057708768384	11.925746894452388	12.75269787315165	14.015974486548153	15.239780961941108	15.480930071956648	16.365986708124275	16.36652418089833	19.95449453677213	19.954553135004677	24.262660281514393	24.26283791397023	25.383508755914672	25.3837166382537	25.41274924570886	30.922935017655544	30.923009666548477	30.92316862414057	38.03382482741934	38.03386920516419	38.03410109224833	39.941018881940785	42.934166079897125	42.934293941044324	42.93439981478795	45.18661605888825	45.19824653069033	45.19829023008197	45.198430356600625	51.246386836583795	51.24931688585434	51.249546170854686	51.24955433737748	51.2497322276192	88.40874464677827	89.87992033096651	89.87999164175598	89.87999995214652	89.88003569255011	89.88007155106035	89.88021073872471	89.88042838500719	106.93209828718926	106.93280311209386	106.93327243259989	106.93356653640119	106.93361353510198	106.93362589185708	106.9336515588243	106.93365545849454	168.0003812558077	168.00668184315458	168.00675733576048	168.0070605003187	168.0072374370747	168.00736453958714	168.00750307537177	168.00761078805826	168.00765197320862	168.0077446300599	168.0077596547923	168.00779247662038	168.00782349228695
1710.5638117790222	-1.7746753667515094	-1.6565091295397618	-1.5669162966588503	-1.484635430995798	-1.2894422316472844	-1.0908949499531129	-0.8409122986458751	-0.5625529574577074	-0.2993904309347125	-0.013037744572989497	0.021172208305544404	0.35109873502171596	0.7075329785407144	1.1606589686998294	1.6558728203676967	2.1497287722610485	2.6448106823157684	3.0591506025269974	3.5034042262632568	4.183680424062061	4.833290480758354	5.249418781329843	6.400518532032982	6.816684555926408	7.031840918248402	7.936341222048331	8.6351567150721	9.278051303185814	9.757521844527387	10.170532676863862	10.972752044376074	12.752697872967635	14.015974479959864	15.239780960650965	15.480929933850197	16.36466970844691	16.366521337473518	19.9544944360672	19.95455312419171	24.262660281382296	24.26279959462164	25.264165832690974	25.383508763092248	25.38371841619733	30.922935008072017	30.923009613686425	30.92316822311064	34.423671773029795	38.03382482747434	38.03386920761443	38.034101100469684	41.8848244907315	42.93416608035197	42.934293945164505	42.93439981515602	45.195827766891036	45.198247070949606	45.19829030782434	45.19843060110747	51.24931671798746	51.24954563462949	51.24955315856443	51.249725552696056	51.25019892845031	89.87992033077666	89.87999164173748	89.87999995197089	89.88003569040495	89.88007155100935	89.8802107387244	89.88042838500722	92.64545651425279	106.93209830907274	106.93280312354538	106.93327243912327	106.93356653779217	106.93361353510274	106.93362589185719	106.93365155882472	106.93365545849463	168.00625374552993	168.0066849124492	168.00686226518104	168.00706471011537	168.00725167642025	168.00738347546832	168.0075096226499	168.00761218205096	168.00766295658315	168.0077460991366	168.00776050277796	168.00779295497207	168.00782359670313
1729.4972305297852	-1.774676944966758	-1.6566078710485481	-1.5696660627503967	-1.486571024123013	-1.2974266691605294	-1.0982326525384976	-0.8470989188885466	-0.5740955227949864	-0.31401125931364104	-0.019184689527109302	0.01435445965753541	0.3313322697321866	0.6886078823038686	1.129573276008483	1.5997241435599177	2.105197005635691	2.6034826358166128	2.9928560556410013	3.425690213627535	4.15540065499632	4.779651348797568	5.235291787807857	6.386319265926914	6.705709701520741	7.018390121887206	7.933066094554231	8.63167975145173	9.184662406868522	9.754121227214155	9.97555980470076	10.170875503110585	12.752697872887442	14.015974473553097	15.239780958621614	15.48092969624116	16.36150938191225	16.36652061049951	19.603381172048053	19.95449717836442	19.954553434062422	24.26266028161122	24.262882782312435	25.383508760858152	25.38371786292927	25.576269461437256	30.92293501996636	30.923009679294903	30.923168721167194	38.033824827430756	38.03386920567257	38.03410109395423	40.25559235863538	42.93416607993428	42.9342939413812	42.934399814818	45.18803897948882	45.19824655055419	45.1982902329413	45.19843036604259	51.24720110727595	51.24931690047987	51.24954619698446	51.249554408490866	51.24973249400915	80.58484256735109	89.87992033083118	89.87999164174275	89.87999995202125	89.88003569101991	89.88007155102395	89.88021073872451	89.88042838500726	97.0244685432314	106.9320983253303	106.93280313205295	106.93327244396956	106.93356653882564	106.93361353510332	106.93362589185713	106.93365155882493	106.93365545849466	168.00653560660643	168.00668692405938	168.00699023219755	168.00707708036347	168.00726650834778	168.00740476178586	168.0075170566703	168.00761316779085	168.00767350948058	168.00774746997175	168.0077615206084	168.0077934434729	168.00782369402603
1748.4415874481201	-1.7746823933271034	-1.6570278627442034	-1.5810211304457074	-1.493517263149243	-1.3277633660070425	-1.1231948853101335	-0.8718986391924164	-0.6250280113723272	-0.37075381258071227	-0.06462541423215512	0.003472528667828908	0.24170134453055678	0.5971227987437038	0.9628681480363706	1.3876735057624177	1.944092560317557	2.4206632507437447	2.8151369431830284	3.281042739651115	4.036501287735523	4.524124202900797	5.155057724722059	5.58857999140856	6.42549529594378	6.982692089406977	7.2761096826294525	7.944124418408282	8.638548604554602	9.33046491896185	9.758299245032152	10.170595233518963	12.55159204656826	12.752697873971174	14.015974491044146	15.239780962356686	15.480930110613329	16.366195517738827	16.366526749431902	19.954494527684723	19.9545531340272	24.262660281493265	24.262830430151404	25.377983493242006	25.383508790976528	25.383725299554655	30.922935015543732	30.9230096548998	30.923168535580274	37.74458071912587	38.03382482772884	38.03386921895857	38.03410113850797	42.66862732413826	42.934166081603635	42.934293956497946	42.93439981616828	45.196956129184144	45.19824766214529	45.1982903928838	45.1984308422997	51.24931640008174	51.24952713052582	51.249548591935856	51.24958565089554	51.24974802453274	89.84867196774516	89.87992033583913	89.8799916422283	89.87999995663743	89.88003574741325	89.88007155236514	89.88021073873392	89.88042838500729	106.85540845766619	106.93210086967879	106.93280445727997	106.93327319633346	106.93356669891216	106.9336135351908	106.93362589185907	106.93365155886858	106.93365545850045	168.0065589363111	168.0066873612758	168.00701035044298	168.00708398760815	168.00727033730718	168.0074104532033	168.00751924924586	168.0076133969926	168.00767631082795	168.00774783763185	168.00776184461347	168.0077935858955	168.0078237209054
1767.3761961460114	-1.774685235903067	-1.6573188182664322	-1.5882083795139024	-1.497268955943606	-1.3445779365025257	-1.1358274262757748	-0.8878269782242904	-0.6579944706296743	-0.4016351853343289	-0.09918569672106133	0.0014378311456098062	0.18829865121766198	0.5404592596225473	0.8805385771081153	1.3194254396148921	1.8773758373936786	2.3426636941211325	2.7652482875755506	3.2299533600077748	3.8879998153632616	4.328484770345308	4.9901993096808726	5.300235411048256	6.40910991324804	6.879359786991226	7.045069943333549	7.9357978313759885	8.63226249337151	9.071280209913171	9.490213076014912	9.759565595377204	10.170628753615507	12.752697872470048	13.221724902413095	14.015974502382528	15.239780963074853	15.480930177345883	16.366502360604393	16.36663971783279	19.954494539245903	19.95455313527077	24.26266028149938	24.262832538076125	25.383508683194137	25.383698708221154	25.385856891156177	30.922935015837492	30.92300965652002	30.92316854789143	38.01371731320084	38.03382483142479	38.03386938391151	38.034101687119815	42.9278270368062	42.93416615244474	42.934294588695394	42.934399872085486	45.19819805721502	45.19827507287148	45.19829746698105	45.19843464645259	51.24931652452002	51.249542125239735	51.24955032822672	51.249649671072014	51.249763709524046	89.87992014762759	89.87999162129387	89.879999758073	89.88003337650356	89.8800714966747	89.88021073821791	89.88042838498963	89.88079513228485	106.93202448908511	106.9327580971021	106.933243105626	106.93355955172463	106.93361353161679	106.93362589177761	106.93365155690714	106.9336554582383	106.93502842457274	168.00655898572862	168.00668736234576	168.00701039280364	168.0070840076979	168.0072703468701	168.00741046750028	168.00751925492892	168.00761339756178	168.00767631793659	168.007747838569	168.00776184547237	168.0077935862665	168.00782372097459
1786.3361995220184	-1.7746862990905616	-1.6574470996563888	-1.5911533022532742	-1.4987071678028383	-1.3510205649887792	-1.1406273851812843	-0.8947701915330454	-0.671667325365765	-0.41360688067263485	-0.11429004315235625	0.0008059789130529442	0.16756199326718643	0.5180533848364529	0.8530213071575788	1.296770147667161	1.848779724847995	2.3088775408278632	2.742935490799493	3.198934303409279	3.7630073437152323	4.249530115544603	4.890735908114129	5.258978858506669	6.39270111426492	6.7085053759330044	7.0154774480788875	7.922319199727641	8.281802088090622	8.645683624191259	9.364815719363788	9.758655458280957	10.170610140921823	12.75269787209515	13.017832469489694	14.015974497885072	15.239780962873361	15.480930159434667	16.366475617515338	16.366567995249586	19.95449453734962	19.954553135066778	24.262660281498636	24.2628322764862	25.38350862298469	25.383684361641418	25.384946382690014	30.922935015810214	30.923009656369686	30.923168546749313	37.993061335974275	38.033824829418634	38.03386929431745	38.034101390183885	42.90793641701144	42.93416609748324	42.93429409979104	42.93439982893625	45.1981185195464	45.19825860503774	45.198292095397974	45.19843310915992	51.249316518302386	51.24954180366495	51.249550216738214	51.249645276393274	51.24976198971898	89.87886395652905	89.87992047683441	89.87999165463194	89.88000007466589	89.8800372060907	89.88007158747524	89.88021073895001	89.88042838501138	106.92897026861705	106.93215781083961	106.93283139695762	106.93328754180281	106.93356963830462	106.93361353687487	106.93362589189518	106.9336515596682	106.93365545860621	144.04601053719233	168.00655898918976	168.00668736242048	168.0070103957705	168.00708400910634	168.00727034754007	168.0074104685019	168.0075192553271	168.00761339760143	168.00767631843453	168.0077478386345	168.00776184553234	168.0077935862923	168.0078237209793
1805.3355956077576	-1.7746879809320701	-1.6576794544603266	-1.596118697850006	-1.5010342882373242	-1.3613733123740155	-1.1484394261785833	-0.907319674383534	-0.6947108934510617	-0.4331449106698875	-0.1408793785572309	-0.00018292957763272656	0.13466566892203943	0.48167950643933055	0.8125864256703733	1.260536078247769	1.7926080685884036	2.243359437556702	2.6945715713242566	3.111357269183918	3.5265771092995744	4.165502000285709	4.7618801753982725	5.224424687340203	6.236711862712521	6.472155905135284	7.000162201488397	7.641694960057141	7.957036876061882	8.640164903126237	9.344039325769614	9.758453512001536	10.170602488173765	12.752697868610145	12.802860760937039	14.015974494078815	15.239780962600912	15.480930133600289	16.366335483752806	16.366531722658145	19.95449452830686	19.95455313409411	22.958018490889287	24.262660281507774	24.262835502791873	25.383508739509782	25.383712571734446	25.391227948869254	30.92293501587254	30.923009656713347	30.9231685493604	38.02053956704427	38.03382483343663	38.0338694738843	38.03410198281544	42.92908379522008	42.93416617020046	42.93429474430999	42.93439988568711	45.1981967754792	45.19827452942409	45.19829712173571	45.198434596196634	51.24931652342158	51.249542070458666	51.24955030846118	51.24964888948759	51.249763390661265	89.87989044701949	89.87992496143936	89.87999175178517	89.8800009907897	89.88004864885035	89.8800719320082	89.88021073976275	89.88042838501983	106.931689657076	106.932461926385	106.93296365882541	106.93334991443544	106.9335817411377	106.93361354621021	106.9336258920738	106.93365156309152	106.93365545905279	167.8549575972423	168.0065594442896	168.00668737230072	168.00701078441827	168.0070841948798	168.00727043553806	168.00741059995798	168.00751930758966	168.00761340282654	168.00767638370488	168.00774784723606	168.00776185342346	168.0077935896987	168.00782372161459
1824.286311864853	-1.774689734847719	-1.6579761905115613	-1.6018048667866809	-1.503610249304514	-1.3727755104169053	-1.157569127275549	-0.9244699877867996	-0.7227712571464777	-0.4572606211952967	-0.17738140384723386	-0.0015952307058551011	0.09493652939601901	0.4334323555923182	0.7622141024859396	1.2014063801379242	1.6684616767348046	2.1117542861226823	2.566297936171596	2.910353269506479	3.3335983058397476	4.078241429076538	4.579301411857135	5.1650785233333325	5.584810131878583	6.4216985438573	6.96780999103661	7.153171784882668	7.939543303368754	8.635629870459162	9.199073833446114	9.537523292002025	9.759566783875982	10.170623204348342	12.752697872182022	13.039601676301569	14.015974497826983	15.239780962844597	15.480930156406467	16.366461093687	16.36655624457533	19.95449453596599	19.95455313491789	24.262660281497237	24.262831795770282	25.382613189369593	25.383508920052655	25.383755584558212	29.735466762533616	30.922935016111314	30.923009658030573	30.923168559370396	38.032234250483725	38.033824874368406	38.03387133079914	38.034107566622346	42.93400516715664	42.93416864269379	42.93430856913861	42.93440092575224	45.19820683907593	45.19827906003734	45.19830106835077	45.19843506668462	51.24931652400081	51.249542099449926	51.24955031888009	51.24964930134472	51.24976355794643	89.87990454167584	89.87992893686054	89.87999177063273	89.88000116332437	89.88005062161342	89.880072016953	89.88021073984119	89.8804283850204	106.93170498041292	106.93247227182698	106.93296986299731	106.93335313395265	106.9335824076616	106.93361354689813	106.93362589208569	106.93365156329233	106.9336554590786	168.00627921474629	168.0066814782931	168.00673688993624	168.0070547899925	168.00717859691693	168.0073013901669	168.00744696797386	168.0075359900089	168.00761460454012	168.00769090991383	168.00774966685506	168.00776389017102	168.00779436683638	168.00782385301994
